%YAML:1.0
---
buff_w: 0.230
buff_h: 0.057
